0 0.08396501839160919 0.6725119352340698 0.20463542640209198 0.9107426404953003 
0 0.0689433142542839 0.47589588165283203 0.21530728042125702 0.6033449172973633 
0 0.5560436248779297 0.576438307762146 0.6739864349365234 0.6867176294326782 
0 0.16574639081954956 0.5872737765312195 0.3567788004875183 0.7175105810165405 
0 0.39633750915527344 0.5796753168106079 0.5793756246566772 0.6979955434799194 
0 0.2772676348686218 0.5130251049995422 0.40953150391578674 0.6275776028633118 
0 0.011900773271918297 0.29711267352104187 0.10652147233486176 0.3552252948284149 
0 0.6296265721321106 0.8633261919021606 0.9258760213851929 0.9995995759963989 
0 0.6303144693374634 0.91102135181427 0.9321781396865845 1.0 
0 0.47727251052856445 0.6875984072685242 0.5795630216598511 0.7932592630386353 
0 0.9027864336967468 0.888088583946228 1.0 1.0 
0 0.6024258732795715 0.7111854553222656 0.7625012397766113 0.8539518117904663 
0 0.7793567776679993 0.47544756531715393 0.8783866763114929 0.5455639958381653 
0 0.7702885270118713 0.674426794052124 0.8531169891357422 0.7586655020713806 
