0 0.07902538776397705 0.6617817878723145 0.20459730923175812 0.902969479560852 
0 0.07670897990465164 0.4785258173942566 0.22425976395606995 0.5979348421096802 
0 0.38182729482650757 0.5789600610733032 0.565449595451355 0.6879903674125671 
0 0.5400097966194153 0.5709418058395386 0.6616995930671692 0.6855587959289551 
0 0.1721414029598236 0.5893561244010925 0.3545468747615814 0.7161634564399719 
0 0.02929920330643654 0.29856300354003906 0.11905325949192047 0.3521513044834137 
0 0.8967077136039734 0.8843919634819031 1.0 1.0 
0 0.6151682138442993 0.892072856426239 0.9158111810684204 0.999625563621521 
0 0.4803627133369446 0.6836587190628052 0.5764991044998169 0.7918686866760254 
0 0.2765792906284332 0.5024616122245789 0.41154271364212036 0.6379817724227905 
0 0.4143967628479004 0.686860203742981 0.49933403730392456 0.7824047803878784 
0 0.3905417025089264 0.6777927279472351 0.49749788641929626 0.7827423214912415 
0 0.6210719347000122 0.7259563207626343 0.7528433203697205 0.847002387046814 
0 0.7752720713615417 0.6767258048057556 0.8649908900260925 0.7717128396034241 
0 0.6329632997512817 0.5598459243774414 0.7045952677726746 0.669680118560791 
