0 0.4283510744571686 0.3932467997074127 0.5042545795440674 0.47371381521224976 
0 0.5216487646102905 0.8283246755599976 0.5976114273071289 0.9646497964859009 
0 0.43918290734291077 0.4606754779815674 0.521426260471344 0.5705238580703735 
0 0.2800605297088623 0.4119492173194885 0.35514989495277405 0.49962982535362244 
0 0.6803485751152039 0.44435739517211914 0.7711635828018188 0.520889937877655 
0 0.5628764033317566 0.39198872447013855 0.6607494354248047 0.5026308298110962 
0 0.615847110748291 0.7894031405448914 0.7088189125061035 0.9026654958724976 
0 0.10171399265527725 0.5043865442276001 0.19677463173866272 0.630745530128479 
0 0.8679187893867493 0.6210256218910217 0.9994193911552429 0.7463492751121521 
0 0.37875497341156006 0.6083149909973145 0.5445300936698914 0.7298886179924011 
