0 0.3254414498806 0.542780339717865 0.5840670466423035 0.7092307806015015 
0 0.19719600677490234 0.7451015710830688 0.900486171245575 0.9997268915176392 
0 0.8809024095535278 0.7607175707817078 1.0 0.993116557598114 
0 0.00037131310091353953 0.12568192183971405 0.18891553580760956 0.402495801448822 
0 0.7070727348327637 0.527370274066925 0.8390778303146362 0.6865142583847046 
0 0.19693978130817413 0.03807945176959038 0.34131643176078796 0.2581701874732971 
0 0.710401177406311 0.10903825610876083 0.8274774551391602 0.22932171821594238 
0 0.7775548696517944 0.24211092293262482 0.8925275802612305 0.3246500492095947 
0 0.818184494972229 0.1037958413362503 0.9195917248725891 0.19822737574577332 
0 0.02417762205004692 0.40361452102661133 0.10376224666833878 0.4798955023288727 
0 0.7869687080383301 0.5044506192207336 0.865350604057312 0.5686591863632202 
0 0.9021949768066406 0.2552063465118408 0.9985599517822266 0.32987046241760254 
0 0.9442898631095886 0.1646958589553833 0.9999783635139465 0.2464803010225296 
0 0.6523173451423645 0.3793546259403229 0.7367997169494629 0.44335371255874634 
0 0.8755596280097961 0.6166423559188843 0.9598079919815063 0.6958633661270142 
0 0.4018109440803528 0.01705707609653473 0.4767756462097168 0.08321579545736313 
