0 0.7171882390975952 0.2020302265882492 0.8258935809135437 0.3450058400630951 
0 0.7062155604362488 0.8927164077758789 0.81078040599823 1.0 
0 0.7457440495491028 0.07698443531990051 0.8431991338729858 0.16509529948234558 
0 0.33295711874961853 0.8517880439758301 0.5535980463027954 0.9906659126281738 
0 0.31886762380599976 0.2843860685825348 0.5065202116966248 0.43252652883529663 
0 0.8641802072525024 0.6365550756454468 0.9753986597061157 0.8581296801567078 
0 0.8925384283065796 0.2719138264656067 1.0 0.44729548692703247 
0 0.4137195944786072 0.5752577781677246 0.6267267465591431 0.7826334834098816 
0 0.4656600058078766 0.491893470287323 0.5965327024459839 0.6131426692008972 
0 0.7029846906661987 0.6336665153503418 0.8027921915054321 0.7436366081237793 
0 0.5995094180107117 0.937960147857666 0.6751199960708618 1.0 
0 0.7022427320480347 0.6365430951118469 0.7890791893005371 0.72216796875 
