0 0.44771522283554077 0.828859806060791 0.6092414259910583 1.0 
0 0.2725808620452881 0.8477751612663269 0.3492184281349182 0.9998551607131958 
0 0.7475917935371399 0.7582677602767944 0.8077436685562134 0.9250356554985046 
0 0.9209123849868774 0.3484639525413513 0.9949052929878235 0.4629836678504944 
0 0.8415099382400513 0.799842119216919 0.9512198567390442 0.974042534828186 
0 0.5818179845809937 0.5731214284896851 0.6580116152763367 0.6965631246566772 
0 0.40875521302223206 0.3291892409324646 0.5906554460525513 0.4585956633090973 
0 0.8284938931465149 0.1313498467206955 0.9251327514648438 0.20085453987121582 
0 0.7673331499099731 0.16468146443367004 0.8736023902893066 0.26860925555229187 
0 0.40518149733543396 0.8119710087776184 0.4820001721382141 0.9019128084182739 
0 0.380136638879776 0.7246497869491577 0.46018585562705994 0.8278764486312866 
