0 0.20513811707496643 0.7474013566970825 0.8808605074882507 0.9997318983078003 
0 0.3320554792881012 0.5384491682052612 0.5899913907051086 0.7094328999519348 
0 0.8954644203186035 0.7696921825408936 0.9998469352722168 0.99432373046875 
0 7.046460814308375e-05 0.1641765683889389 0.15342727303504944 0.43377429246902466 
0 0.20943693816661835 0.053252458572387695 0.35156989097595215 0.2683728337287903 
0 0.7061020731925964 0.11128497123718262 0.8202981948852539 0.23227298259735107 
0 0.6922019124031067 0.5148763656616211 0.8324904441833496 0.6775274276733398 
0 0.8140851855278015 0.0981283038854599 0.9393051266670227 0.19812215864658356 
0 0.790934681892395 0.24471339583396912 0.9088495969772339 0.32836684584617615 
0 0.7998542785644531 0.5070549845695496 0.8774110674858093 0.5737729072570801 
0 0.030074119567871094 0.4098358154296875 0.11079750210046768 0.4799272418022156 
0 0.662077784538269 0.3828902244567871 0.7467213869094849 0.4489673674106598 
0 0.26540297269821167 0.2044709175825119 0.3973812162876129 0.2829159200191498 
0 0.9635398983955383 0.16778770089149475 0.9998668432235718 0.2456475794315338 
0 0.964394211769104 0.11118056625127792 1.0 0.24675774574279785 
0 0.9096212387084961 0.2529928684234619 1.0 0.33187633752822876 
0 0.8727396726608276 0.6174858808517456 0.9551835060119629 0.698276698589325 
