0 0.09259221702814102 0.6993328928947449 0.23617883026599884 0.9143975377082825 
0 0.04686031490564346 0.4698824882507324 0.1896752119064331 0.5940350294113159 
0 0.5716831088066101 0.5824372172355652 0.6899089813232422 0.6910542249679565 
0 0.4287794232368469 0.5792139768600464 0.6141083836555481 0.724749743938446 
0 0.2659291625022888 0.513624370098114 0.39596158266067505 0.6315752267837524 
0 0.14052221179008484 0.5823878049850464 0.35101279616355896 0.7191342115402222 
0 0.00042285321978852153 0.2930576205253601 0.08045364171266556 0.35301560163497925 
0 0.7295443415641785 0.9378708004951477 0.951016902923584 1.0 
0 0.4652375280857086 0.6825155019760132 0.5819537043571472 0.7896040081977844 
0 0.9152736663818359 0.9067078828811646 1.0 1.0 
0 0.7583521008491516 0.6612661480903625 0.8451509475708008 0.7545261383056641 
0 0.4855072498321533 0.6982658505439758 0.5828662514686584 0.7914530038833618 
0 0.6887496113777161 0.735051155090332 0.7757776379585266 0.8844455480575562 
