0 0.0 0.405615895986557 0.1729082316160202 0.5865839719772339 
0 0.36060696840286255 0.6591512560844421 0.48813295364379883 0.8539451360702515 
0 0.7915008664131165 0.713749885559082 0.9013799428939819 0.8777223825454712 
0 0.15119299292564392 0.561090350151062 0.3087831139564514 0.6787182688713074 
0 0.45798319578170776 0.5720580816268921 0.5573495626449585 0.682074248790741 
0 0.2269580364227295 0.46194514632225037 0.38033634424209595 0.5820633172988892 
0 0.29276952147483826 0.2643381953239441 0.3828451633453369 0.3243871331214905 
0 0.9350560307502747 0.7263215780258179 1.0 0.8307524919509888 
0 0.3686907887458801 0.437100887298584 0.44188833236694336 0.5446457862854004 
0 0.31768473982810974 0.5590539574623108 0.46435198187828064 0.6601947546005249 
