0 0.0022367476485669613 0.3887053430080414 0.23174090683460236 0.5472357869148254 
0 0.7800395488739014 0.6546176075935364 0.8791378140449524 0.8141301870346069 
0 0.3411208689212799 0.5797777771949768 0.45367327332496643 0.7405396103858948 
0 0.45101872086524963 0.544816792011261 0.5569082498550415 0.6549924612045288 
0 0.20515140891075134 0.5144127607345581 0.3411194384098053 0.6247553825378418 
0 0.3867148458957672 0.39414969086647034 0.47687435150146484 0.5072683095932007 
0 0.2692345082759857 0.4299982488155365 0.3959425389766693 0.5361119508743286 
0 0.9215114712715149 0.6893000602722168 1.0 0.8013285398483276 
0 0.3458920419216156 0.23065833747386932 0.4360713064670563 0.28979143500328064 
0 0.9016889333724976 0.6788440942764282 0.9999801516532898 0.8162944912910461 
0 2.2923946744413115e-05 0.2845746874809265 0.053346000611782074 0.3903924822807312 
