0 0.07560570538043976 0.6896181702613831 0.2866377830505371 0.9305998086929321 
0 0.02066696807742119 0.4557075500488281 0.15265676379203796 0.5668834447860718 
0 0.2456248253583908 0.5065380930900574 0.40706485509872437 0.6197785139083862 
0 0.12805815041065216 0.5779480934143066 0.33384519815444946 0.7110783457756042 
0 0.6063006520271301 0.5807772874832153 0.7176426649093628 0.7053543925285339 
0 0.48353415727615356 0.5847457051277161 0.6465336680412292 0.7282058000564575 
0 0.46809253096580505 0.6628207564353943 0.5934995412826538 0.7876211404800415 
0 0.6254246830940247 0.7489297389984131 0.7257781028747559 0.8796011209487915 
0 0.00026651620282791555 0.28749221563339233 0.05933027341961861 0.35358721017837524 
0 0.7497674822807312 0.6465203166007996 0.8342044949531555 0.7361537218093872 
