0 0.48169365525245667 0.8507033586502075 0.789561927318573 0.999879002571106 
0 0.10142047703266144 0.6362863779067993 0.1935972422361374 0.8195039629936218 
0 0.1280115395784378 0.49023813009262085 0.27141857147216797 0.6168028116226196 
0 0.8271239399909973 0.8001173138618469 0.9547030329704285 0.9936302304267883 
0 0.345804899930954 0.5338172912597656 0.4640420079231262 0.6815176010131836 
0 0.47256964445114136 0.5799315571784973 0.6085279583930969 0.6740668416023254 
0 0.23529386520385742 0.5940175652503967 0.36965465545654297 0.7181273102760315 
0 0.41806501150131226 0.6885175704956055 0.5583482384681702 0.7831544876098633 
0 0.623649001121521 0.5522859692573547 0.6912738084793091 0.6398757696151733 
0 0.10949049144983292 0.294319212436676 0.19220387935638428 0.3392537534236908 
