0 0.09348810464143753 0.6795752644538879 0.21614620089530945 0.9157994985580444 
0 0.05870547890663147 0.47283872961997986 0.2120005190372467 0.6002349257469177 
0 0.565066933631897 0.5783952474594116 0.679865300655365 0.687341034412384 
0 0.15186628699302673 0.5819268226623535 0.3527282178401947 0.7140758633613586 
0 0.4111493229866028 0.57561194896698 0.5943533778190613 0.70250403881073 
0 0.2768464982509613 0.5122703313827515 0.39692896604537964 0.6297740340232849 
0 0.768189549446106 0.6696523427963257 0.8537863492965698 0.7566083669662476 
0 0.9175928235054016 0.8953563570976257 1.0 1.0 
0 0.6297264099121094 0.9358149766921997 0.942359447479248 1.0 
0 0.48070019483566284 0.6911273002624512 0.5808817744255066 0.7923052906990051 
0 0.0031914592254906893 0.2933498024940491 0.09016335755586624 0.3519870638847351 
