0 0.33514776825904846 0.34741687774658203 0.4290176331996918 0.455941379070282 
0 0.6408519744873047 0.8168748617172241 0.7444467544555664 0.9586256146430969 
0 0.4713369309902191 0.3556906282901764 0.5686883926391602 0.5112179517745972 
0 0.6761110424995422 0.29208850860595703 0.7872549295425415 0.4210233688354492 
0 0.729479193687439 0.42052799463272095 0.8340376019477844 0.5011303424835205 
0 0.136424258351326 0.4259102940559387 0.20285046100616455 0.5646254420280457 
0 0.5041598081588745 0.8588026762008667 0.5841049551963806 0.9861775636672974 
0 0.4649255871772766 0.6395282745361328 0.5768474340438843 0.7416698336601257 
0 0.4739428460597992 0.33405381441116333 0.5387894511222839 0.41938668489456177 
0 0.9582837820053101 0.6297771334648132 1.0 0.7459083795547485 
0 0.5905342102050781 0.42378348112106323 0.6373189687728882 0.50396329164505 
0 0.199029803276062 0.3390847146511078 0.2835701107978821 0.44624462723731995 
