0 0.044738054275512695 0.7444843649864197 0.32259708642959595 0.9166069030761719 
0 0.002093243645504117 0.44382524490356445 0.15966995060443878 0.5720635652542114 
0 0.23671498894691467 0.5028688311576843 0.4044455885887146 0.6167923212051392 
0 0.46165961027145386 0.6518229246139526 0.5969072580337524 0.7829487919807434 
0 0.10548843443393707 0.5680143237113953 0.3243168294429779 0.7016630172729492 
0 0.5181962847709656 0.5930948257446289 0.6796956062316895 0.7334272265434265 
0 0.6270690560340881 0.7604516744613647 0.7374419569969177 0.883597731590271 
0 0.6240686178207397 0.5820274949073792 0.7358688116073608 0.7182193994522095 
0 0.7159901857376099 0.7264639139175415 0.8303662538528442 0.8405822515487671 
0 0.4092774987220764 0.6776248216629028 0.4822620749473572 0.8092962503433228 
