0 0.4545631408691406 0.7968185544013977 0.6296015977859497 1.0 
0 0.8602656126022339 0.34651270508766174 0.9961518049240112 0.500715434551239 
0 0.7923346757888794 0.1302139014005661 0.9535313844680786 0.24785324931144714 
0 0.8590171933174133 0.8423618078231812 0.9525409936904907 0.992714524269104 
0 0.7517288327217102 0.7860523462295532 0.8107239007949829 0.9178934097290039 
0 0.4462125897407532 0.33860450983047485 0.6327605247497559 0.4636220932006836 
0 0.23017406463623047 0.6259335279464722 0.4294535517692566 0.7719160914421082 
0 0.5758031010627747 0.5733445286750793 0.6484406590461731 0.6864148378372192 
0 0.39200347661972046 0.7183206677436829 0.4729795455932617 0.8357536196708679 
0 0.26059070229530334 0.9144075512886047 0.3379010558128357 1.0 
0 0.8433641195297241 0.13164742290973663 0.9506948590278625 0.19972006976604462 
0 0.4724784791469574 0.6590257883071899 0.5779048800468445 0.7509680986404419 
