0 0.090208500623703 0.6447542905807495 0.19764873385429382 0.859533965587616 
0 0.10173936188220978 0.4838123917579651 0.24802665412425995 0.6051340699195862 
0 0.8487187623977661 0.8462047576904297 0.9994912147521973 0.9994163513183594 
0 0.33186569809913635 0.5681746602058411 0.5246928930282593 0.695489227771759 
0 0.5159494280815125 0.571314811706543 0.6338253021240234 0.670833945274353 
0 0.5382258296012878 0.846539318561554 0.8530429601669312 0.9998416900634766 
0 0.28049954771995544 0.5096732974052429 0.41665953397750854 0.6036382913589478 
0 0.6333094239234924 0.7153220176696777 0.7331318259239197 0.8293581008911133 
0 0.06324616819620132 0.2927091717720032 0.15895932912826538 0.3429884910583496 
0 0.41092491149902344 0.6942108869552612 0.5625400543212891 0.7820810079574585 
0 0.1999310702085495 0.589520275592804 0.340872585773468 0.7222326397895813 
0 0.6343780755996704 0.5645297169685364 0.6886984705924988 0.6570838689804077 
0 0.6128136515617371 0.8826825022697449 0.8507892489433289 1.0 
