0 0.5245158672332764 0.7318409085273743 0.7361129522323608 0.9468925595283508 
0 0.38879290223121643 0.7053406834602356 0.5034171342849731 0.8580204844474792 
0 0.7719229459762573 0.4360218048095703 0.9160497784614563 0.5575420260429382 
0 0.3148323893547058 0.4774821400642395 0.5253748893737793 0.6983933448791504 
0 0.5666060447692871 0.33811527490615845 0.7626768946647644 0.4625450074672699 
0 0.5122777223587036 0.6251562237739563 0.5980457663536072 0.7285569906234741 
0 0.5476650595664978 0.550643801689148 0.6391434073448181 0.7156786918640137 
0 0.8935569524765015 0.11225241422653198 0.9982425570487976 0.1734943687915802 
0 0.7544597387313843 0.8590553402900696 0.819482684135437 0.982242226600647 
0 0.8139181137084961 0.14757566154003143 0.9635869860649109 0.22977404296398163 
