0 0.696670651435852 0.243818998336792 0.8222146034240723 0.3491632044315338 
0 0.8134792447090149 0.551545262336731 1.0 0.75404292345047 
0 0.30106887221336365 0.35984957218170166 0.4374614655971527 0.48466700315475464 
0 0.731665313243866 0.0830971896648407 0.8142727613449097 0.15720856189727783 
0 0.8738992810249329 0.24069848656654358 1.0 0.45157670974731445 
0 0.6993521451950073 0.8795405626296997 0.7984861135482788 1.0 
0 0.20444822311401367 0.7655879259109497 0.32782191038131714 0.9673026204109192 
0 0.5843154788017273 0.6751917004585266 0.6959422826766968 0.7720683813095093 
0 0.6339040398597717 0.3716157078742981 0.7194175124168396 0.5189461708068848 
0 0.2530690133571625 0.22952207922935486 0.3276689648628235 0.32307782769203186 
