0 0.7836612462997437 0.37743109464645386 0.8961499929428101 0.48228493332862854 
0 0.15489716827869415 0.36004436016082764 0.22472736239433289 0.505158543586731 
0 0.49304112792015076 0.887794017791748 0.5792969465255737 0.9997240900993347 
0 0.6714973449707031 0.850993275642395 0.7613418698310852 0.9688885807991028 
0 0.5290020704269409 0.5677965879440308 0.671356201171875 0.7185710072517395 
0 0.400839239358902 0.2851608395576477 0.5236746072769165 0.40969163179397583 
0 0.31865382194519043 0.697231650352478 0.4692467749118805 0.8036386370658875 
0 0.49702519178390503 0.32181626558303833 0.6027711033821106 0.48395460844039917 
0 0.8042240142822266 0.19630324840545654 0.9282716512680054 0.3351571261882782 
0 0.23469647765159607 0.3195899426937103 0.2925397455692291 0.4044879376888275 
