0 0.463559091091156 0.34622514247894287 0.5615063309669495 0.5263950228691101 
0 0.31923046708106995 0.3650972843170166 0.40391644835472107 0.47159162163734436 
0 0.5087248086929321 0.847598671913147 0.5897510647773743 0.977307915687561 
0 0.131076842546463 0.4382621645927429 0.19846384227275848 0.5770425796508789 
0 0.6332685947418213 0.8092354536056519 0.7357391119003296 0.9453900456428528 
0 0.4359305799007416 0.6416307687759399 0.5855441689491272 0.7487037777900696 
0 0.6443988084793091 0.3091565668582916 0.7598894238471985 0.44549059867858887 
0 0.19689218699932098 0.3711166977882385 0.26339003443717957 0.4469014108181 
0 0.9465841054916382 0.6082049608230591 1.0 0.7476445436477661 
0 0.25534534454345703 0.7627205848693848 0.32575106620788574 0.8432524800300598 
0 0.7166053652763367 0.4239945411682129 0.8202236294746399 0.5081795454025269 
