0 0.8202303647994995 0.7895585298538208 0.9446713328361511 0.9843331575393677 
0 0.4374164640903473 0.8308076858520508 0.7414997220039368 0.9987089037895203 
0 0.1202515959739685 0.6254581212997437 0.19908882677555084 0.792565643787384 
0 0.15354788303375244 0.49298781156539917 0.2868282198905945 0.6123256683349609 
0 0.24575252830982208 0.5950103998184204 0.4004285931587219 0.7218087911605835 
0 0.4622875154018402 0.5849238634109497 0.6017881631851196 0.6825095415115356 
0 0.3555644452571869 0.5023093819618225 0.43081897497177124 0.6643663048744202 
0 0.4277511537075043 0.6811012029647827 0.5670846104621887 0.7710716128349304 
0 0.14540591835975647 0.2876424193382263 0.22735774517059326 0.34043413400650024 
0 0.61456298828125 0.6919058561325073 0.7122911214828491 0.802262008190155 
