0 0.6625207662582397 0.08047964423894882 0.7842196822166443 0.2069237232208252 
0 0.143838033080101 0.8007671236991882 0.29227524995803833 1.0 
0 0.9509468078613281 0.2284601628780365 0.9999790191650391 0.3821282386779785 
0 0.24100308120250702 0.3258433938026428 0.3530418276786804 0.43150705099105835 
0 0.690733015537262 0.8672822713851929 0.7861250638961792 0.9907766580581665 
0 0.717868447303772 0.5258806347846985 0.9992523193359375 0.7429667711257935 
0 0.4228842854499817 0.5932000279426575 0.530345618724823 0.7169745564460754 
0 0.6311842799186707 0.27154502272605896 0.7586201429367065 0.3525164723396301 
0 0.8747895359992981 0.25430235266685486 0.9461833238601685 0.3777366280555725 
0 0.6122264862060547 0.3108428418636322 0.7550657391548157 0.43894243240356445 
