0 0.8422386050224304 0.787369430065155 0.9283523559570312 0.9466717839241028 
0 0.4387761056423187 0.8485252261161804 0.5965472459793091 0.9999191164970398 
0 0.28696006536483765 0.7916957139968872 0.3582693636417389 0.9714794158935547 
0 0.390921026468277 0.7088910341262817 0.46772250533103943 0.8777853846549988 
0 0.44934678077697754 0.6649324297904968 0.5524799823760986 0.7482391595840454 
0 0.3788435161113739 0.31684431433677673 0.5613867044448853 0.45580577850341797 
0 0.19748756289482117 0.6689450144767761 0.3620759844779968 0.8258401155471802 
0 0.7531113028526306 0.17776913940906525 0.8531700372695923 0.2857953906059265 
0 0.8163822293281555 0.12845492362976074 0.9269660711288452 0.20892420411109924 
0 0.9342554211616516 0.3400184214115143 0.994376003742218 0.4446244239807129 
0 0.7460533380508423 0.7496582269668579 0.8093646168708801 0.882362961769104 
0 0.5853675007820129 0.5770993828773499 0.6613589525222778 0.6997771859169006 
