0 0.3548223376274109 0.75531005859375 0.6074830889701843 0.9175704717636108 
0 0.7998756170272827 0.754327654838562 0.9235298037528992 0.9349169731140137 
0 0.19317787885665894 0.485420286655426 0.32560110092163086 0.6073979139328003 
0 0.2635391652584076 0.5871500968933105 0.43748244643211365 0.703389048576355 
0 0.14474530518054962 0.5871366262435913 0.24548840522766113 0.729902446269989 
0 0.4558766484260559 0.5832025408744812 0.5692356824874878 0.7229458093643188 
0 0.00014016032218933105 0.47162047028541565 0.07807423174381256 0.6077467799186707 
0 0.3542403280735016 0.49198752641677856 0.41270142793655396 0.6022070050239563 
0 0.937650203704834 0.7708691358566284 0.9999338984489441 0.8867219090461731 
0 0.2166108787059784 0.27963903546333313 0.2975213825702667 0.33101946115493774 
0 0.00020676851272583008 0.3706623911857605 0.06132137030363083 0.45960789918899536 
