0 0.8527122735977173 0.7731277346611023 0.926313042640686 0.9124128222465515 
0 0.7369019389152527 0.18057097494602203 0.8349135518074036 0.3147090971469879 
0 0.7906185984611511 0.10101781040430069 0.8758965730667114 0.19759564101696014 
0 0.5892972946166992 0.567857563495636 0.6710109710693359 0.7036430239677429 
0 0.7330954670906067 0.6718037724494934 0.8025849461555481 0.8399542570114136 
0 0.9353635907173157 0.32614555954933167 0.9963456988334656 0.4359855651855469 
0 0.342329740524292 0.2939364016056061 0.5339291095733643 0.44537919759750366 
0 0.29760852456092834 0.7636004686355591 0.36600127816200256 0.9229050874710083 
0 0.3819980323314667 0.6555527448654175 0.48136407136917114 0.8788029551506042 
0 0.616218090057373 0.9047187566757202 0.8291573524475098 1.0 
