0 0.8457104563713074 0.8242594003677368 0.9835265278816223 0.9968643188476562 
0 0.1121523380279541 0.4877855181694031 0.25279122591018677 0.6079601049423218 
0 0.09060430526733398 0.6479969024658203 0.19553916156291962 0.8444018363952637 
0 0.3398098647594452 0.5588127374649048 0.49989765882492065 0.6848362684249878 
0 0.5167797803878784 0.8555755615234375 0.835201621055603 0.9995845556259155 
0 0.5127021074295044 0.5702953338623047 0.6266449689865112 0.6793757677078247 
0 0.20058484375476837 0.58899986743927 0.35576605796813965 0.7191308736801147 
0 0.2830533981323242 0.5050753355026245 0.4069557189941406 0.5952719449996948 
0 0.41336870193481445 0.6882818937301636 0.5657376050949097 0.7818183898925781 
0 0.6342048645019531 0.7097566723823547 0.7254036068916321 0.8215044140815735 
0 0.08269809931516647 0.29577192664146423 0.16981463134288788 0.34261423349380493 
0 0.5870453119277954 0.8739181756973267 0.831686794757843 1.0 
0 0.6275191307067871 0.5552959442138672 0.6896997690200806 0.6576321721076965 
