0 0.49335938692092896 0.8540583848953247 0.8224102258682251 0.9997008442878723 
0 0.10037414729595184 0.6403877139091492 0.19273917376995087 0.8341785669326782 
0 0.11907229572534561 0.49169665575027466 0.2589525580406189 0.6084439158439636 
0 0.342063844203949 0.5458912253379822 0.483222633600235 0.6812831163406372 
0 0.8420516848564148 0.8254953622817993 0.9696060419082642 0.9906800985336304 
0 0.2086043804883957 0.5931995511054993 0.3750063478946686 0.7234399914741516 
0 0.41536712646484375 0.6842736005783081 0.5615583658218384 0.7779087424278259 
0 0.4961824417114258 0.5743340253829956 0.6205726861953735 0.6809582710266113 
0 0.2832879424095154 0.4997917115688324 0.4078826308250427 0.5970447659492493 
0 0.6287022829055786 0.5576380491256714 0.6906115412712097 0.6386631727218628 
0 0.09550978988409042 0.2931048274040222 0.1833765208721161 0.3425886034965515 
0 0.6388965845108032 0.7090417146682739 0.7193697094917297 0.8200787305831909 
