0 0.10736241191625595 0.6316150426864624 0.1964379996061325 0.808753490447998 
0 0.4551237225532532 0.8193451166152954 0.7683839797973633 0.9997386932373047 
0 0.8201873898506165 0.7907373309135437 0.9470134973526001 0.991899311542511 
0 0.1426541954278946 0.4943534731864929 0.2817857265472412 0.6152049899101257 
0 0.457362562417984 0.5838304758071899 0.6049073934555054 0.6763631701469421 
0 0.42195385694503784 0.687301754951477 0.5598174929618835 0.7836318016052246 
0 0.24150685966014862 0.5978987812995911 0.3900546133518219 0.7213071584701538 
0 0.3402062952518463 0.5245169401168823 0.4466734528541565 0.6652634739875793 
0 0.6236000657081604 0.5511327385902405 0.6919675469398499 0.636262059211731 
0 0.12809796631336212 0.2889760434627533 0.2123260498046875 0.34384885430336 
0 0.6199703216552734 0.7001773715019226 0.7167213559150696 0.8097118139266968 
