0 0.329667866230011 0.5410487055778503 0.5859278440475464 0.7109217643737793 
0 0.0003931999090127647 0.1418154537677765 0.1747412383556366 0.4215152859687805 
0 0.8863214254379272 0.7651961445808411 1.0 0.9922820329666138 
0 0.1972060203552246 0.7446058988571167 0.8955525159835815 0.9996987581253052 
0 0.20392031967639923 0.0460750088095665 0.3466879725456238 0.262200266122818 
0 0.7092107534408569 0.1105387955904007 0.8249065279960632 0.23123779892921448 
0 0.6988133192062378 0.5203361511230469 0.8315800428390503 0.6777803301811218 
0 0.7872453927993774 0.24221086502075195 0.8998571634292603 0.3246871531009674 
0 0.8150070309638977 0.10072548687458038 0.9293251037597656 0.20062825083732605 
0 0.02531278505921364 0.4057489335536957 0.10653223842382431 0.4775006175041199 
0 0.7960864305496216 0.5062351226806641 0.8704819679260254 0.5735023617744446 
0 0.954193115234375 0.1656065136194229 0.99981689453125 0.24591036140918732 
0 0.6524683237075806 0.38038963079452515 0.7413469552993774 0.4476355016231537 
0 0.9080846905708313 0.25464701652526855 0.9992753863334656 0.32686036825180054 
0 0.8742052912712097 0.6172367334365845 0.9541796445846558 0.6891540884971619 
