0 0.8094884753227234 0.7646737694740295 0.9264990091323853 0.9430631399154663 
0 0.37607792019844055 0.7782159447669983 0.6325768232345581 0.9306394457817078 
0 0.1855337768793106 0.48773670196533203 0.31715312600135803 0.6084104776382446 
0 0.2576068043708801 0.5937789678573608 0.42287302017211914 0.7028484344482422 
0 0.00017561316781211644 0.37102848291397095 0.05637858062982559 0.4842723309993744 
0 0.14016517996788025 0.6015915870666504 0.22636833786964417 0.7435334324836731 
0 0.4805275797843933 0.5822502374649048 0.577284038066864 0.6974080801010132 
0 0.3501223623752594 0.4911525845527649 0.4135796129703522 0.6098141670227051 
0 0.9414007067680359 0.779281497001648 0.9999650716781616 0.8916163444519043 
0 0.0002350389986531809 0.4861062169075012 0.05908818915486336 0.6210185289382935 
0 0.6035383939743042 0.6242925524711609 0.7075051069259644 0.7689301371574402 
