0 0.45403558015823364 0.3603217601776123 0.5376409292221069 0.5390635132789612 
0 0.29530662298202515 0.3896143138408661 0.37706655263900757 0.4858846664428711 
0 0.5142236351966858 0.8416824340820312 0.5928329825401306 0.9621814489364624 
0 0.5933319926261902 0.3640749156475067 0.6953398585319519 0.4862033724784851 
0 0.1262538731098175 0.4633200764656067 0.19258329272270203 0.6044260859489441 
0 0.905687689781189 0.6027237176895142 0.9998852014541626 0.7527929544448853 
0 0.6232437491416931 0.7980911135673523 0.720185399055481 0.9212322235107422 
0 0.22956319153308868 0.7744427919387817 0.3053508400917053 0.8722742795944214 
0 0.6928947567939758 0.43814611434936523 0.7902299761772156 0.5153099894523621 
0 0.40007370710372925 0.6233946084976196 0.5566228032112122 0.7408437728881836 
