0 0.4157242774963379 0.8193328976631165 0.7155224680900574 0.9807039499282837 
0 0.8112424612045288 0.7772034406661987 0.9410139322280884 0.9762839078903198 
0 0.11908748000860214 0.6218582987785339 0.1995437890291214 0.7830848693847656 
0 0.16377446055412292 0.49083536863327026 0.29402366280555725 0.6109501123428345 
0 0.2466851770877838 0.593320369720459 0.4094502329826355 0.7186772227287292 
0 0.46977630257606506 0.5827978253364563 0.5983608961105347 0.6808133125305176 
0 0.3550446629524231 0.49809208512306213 0.426603227853775 0.6537091135978699 
0 0.6078478097915649 0.679649829864502 0.7137393951416016 0.7931812405586243 
0 0.43105095624923706 0.6806408166885376 0.5551322102546692 0.7688441276550293 
0 0.9596248865127563 0.7981710433959961 0.9998706579208374 0.9036092758178711 
