0 0.14764900505542755 0.3695574998855591 0.21506795287132263 0.5268470048904419 
0 0.49379849433898926 0.885277271270752 0.5781267881393433 0.9985453486442566 
0 0.38571837544441223 0.3207959234714508 0.47676581144332886 0.4167543053627014 
0 0.22164635360240936 0.3280133306980133 0.2903822362422943 0.4232999384403229 
0 0.7630200386047363 0.39851272106170654 0.8737689256668091 0.48683005571365356 
0 0.7565706372261047 0.23092368245124817 0.8959394693374634 0.3602810502052307 
0 0.6579510569572449 0.845036506652832 0.7539359331130981 0.9596593976020813 
0 0.5011064410209656 0.6114776730537415 0.6293489336967468 0.7329262495040894 
0 0.48968690633773804 0.31823036074638367 0.5886922478675842 0.48873624205589294 
0 0.5912715196609497 0.4468928277492523 0.6414870023727417 0.5213019251823425 
