0 0.8014766573905945 0.7491799592971802 0.9198923110961914 0.9241141080856323 
0 0.36079370975494385 0.7415741086006165 0.5818783044815063 0.9056135416030884 
0 0.20186948776245117 0.4826669692993164 0.3370722234249115 0.6086944341659546 
0 0.2762839198112488 0.5841134786605835 0.43715038895606995 0.6994428634643555 
0 0.0 0.4358891546726227 0.10037753731012344 0.5909762382507324 
0 0.15139716863632202 0.5844699144363403 0.26191774010658264 0.7167285680770874 
0 0.45406436920166016 0.5831987261772156 0.5621515512466431 0.6872552037239075 
0 0.35748451948165894 0.4791015684604645 0.4111267626285553 0.5926910638809204 
0 0.2331787347793579 0.2778821885585785 0.3172101676464081 0.32960185408592224 
0 0.9338399767875671 0.7603548765182495 1.0 0.8899413347244263 
0 0.4092588424682617 0.4807400703430176 0.49234047532081604 0.5985627174377441 
