0 0.07750974595546722 0.7073567509651184 0.276501327753067 0.9274487495422363 
0 0.027928316965699196 0.4622189402580261 0.16616776585578918 0.5793425440788269 
0 0.5894162058830261 0.5838378667831421 0.707173228263855 0.7022489905357361 
0 0.24823956191539764 0.5101200342178345 0.41608577966690063 0.6272533535957336 
0 0.4684109687805176 0.5834633111953735 0.6352066993713379 0.7306451797485352 
0 0.13074669241905212 0.5794121026992798 0.3207889199256897 0.7048782110214233 
0 0.4639764726161957 0.6750791668891907 0.5885409116744995 0.7896534204483032 
0 0.12955984473228455 0.5782430768013 0.3701474666595459 0.7267372012138367 
0 0.6249003410339355 0.7472208738327026 0.720169723033905 0.88081294298172 
0 0.7484285235404968 0.6489218473434448 0.8426664471626282 0.7523764371871948 
0 0.0 0.2929418683052063 0.06812484562397003 0.35533952713012695 
