0 0.3968747854232788 0.8015910983085632 0.6883640289306641 0.9585975408554077 
0 0.1685614138841629 0.49208974838256836 0.3004988729953766 0.612765908241272 
0 0.12328910827636719 0.6117298007011414 0.19908499717712402 0.765511155128479 
0 0.8134180307388306 0.771907389163971 0.9347456097602844 0.9623203277587891 
0 0.24475082755088806 0.5920156240463257 0.41132673621177673 0.711176335811615 
0 0.4747254252433777 0.5817028284072876 0.5921777486801147 0.6848457455635071 
0 0.3533390462398529 0.5090426206588745 0.4225175976753235 0.6347670555114746 
0 0.6218897104263306 0.6803138256072998 0.7096859216690063 0.7858477234840393 
0 0.43223342299461365 0.6797588467597961 0.5400473475456238 0.7577651739120483 
0 0.00025935767916962504 0.47428998351097107 0.06050581857562065 0.5958981513977051 
0 0.17259815335273743 0.28551602363586426 0.2538725733757019 0.3348112106323242 
0 0.9524009823799133 0.7884489297866821 0.9998546838760376 0.8997465372085571 
