0 0.3769586682319641 0.6991077661514282 0.5368304252624512 0.8916934132575989 
0 0.14282497763633728 0.5721800923347473 0.29150477051734924 0.6963655352592468 
0 1.3148785001249053e-05 0.43378114700317383 0.1413537561893463 0.5862005352973938 
0 0.7954622507095337 0.7275280952453613 0.9088106155395508 0.9009350538253784 
0 0.21413221955299377 0.474295437335968 0.3561546206474304 0.5977853536605835 
0 0.4582064747810364 0.5786977410316467 0.5598896741867065 0.6815640926361084 
0 0.2971336245536804 0.5675061941146851 0.4476132392883301 0.6830140948295593 
0 0.26267892122268677 0.26917263865470886 0.34342145919799805 0.3247530162334442 
0 0.9363114237785339 0.7474032640457153 1.0 0.875719428062439 
0 0.3790174424648285 0.45055311918258667 0.5010468363761902 0.5846824645996094 
