0 0.8835797309875488 0.6264578104019165 0.9746747016906738 0.7372684478759766 
0 0.2732408046722412 0.44759637117385864 0.4070705473423004 0.5988847613334656 
0 0.4478309750556946 0.48081550002098083 0.5421489477157593 0.6200810670852661 
0 0.716123104095459 0.5671667456626892 0.8312987089157104 0.7091025710105896 
0 0.42102402448654175 0.18801768124103546 0.5054991841316223 0.2495850771665573 
0 0.0704910010099411 0.28440794348716736 0.19795116782188416 0.3652195334434509 
0 0.343515545129776 0.33931827545166016 0.49431538581848145 0.4606258273124695 
0 0.07171819359064102 0.2918044626712799 0.313962459564209 0.455840528011322 
0 0.07177183777093887 0.3059367537498474 0.2237991988658905 0.4650954306125641 
0 0.00026767849340103567 0.09757697582244873 0.07234804332256317 0.1755256950855255 
