0 0.8344075083732605 0.7934771776199341 0.9452849626541138 0.962753176689148 
0 0.4391006529331207 0.843863308429718 0.5963172912597656 1.0 
0 0.2772802412509918 0.8221477270126343 0.355207622051239 0.9950820803642273 
0 0.45339784026145935 0.6660579442977905 0.5522844195365906 0.745213508605957 
0 0.3906024098396301 0.31870898604393005 0.581341564655304 0.4595349431037903 
0 0.21209760010242462 0.6707301139831543 0.38203519582748413 0.8018723726272583 
0 0.7484771013259888 0.7566622495651245 0.8083466291427612 0.9065759778022766 
0 0.5835832357406616 0.5752609968185425 0.6600040197372437 0.6971338987350464 
0 0.9359804391860962 0.34290021657943726 0.9937807321548462 0.44739794731140137 
0 0.7589493989944458 0.1647738367319107 0.8584004640579224 0.2807930111885071 
0 0.3869885504245758 0.7242072224617004 0.47275200486183167 0.8182474374771118 
0 0.8210073709487915 0.11970458179712296 0.9383121728897095 0.21084117889404297 
