0 0.3569878041744232 0.3364675045013428 0.44846969842910767 0.4382109045982361 
0 0.6483272314071655 0.8237987756729126 0.7532997131347656 0.9622566103935242 
0 0.1431732177734375 0.3865970969200134 0.2113889753818512 0.5448294281959534 
0 0.48502272367477417 0.625450611114502 0.6109908819198608 0.7354043126106262 
0 0.7135118246078491 0.24999137222766876 0.8427969217300415 0.3926292061805725 
0 0.47985824942588806 0.3302423059940338 0.5756185054779053 0.5045958757400513 
0 0.7417917251586914 0.4127822518348694 0.8457845449447632 0.4963831305503845 
0 0.5855096578598022 0.4252917170524597 0.6476532220840454 0.5167378187179565 
0 0.48298582434654236 0.3334346413612366 0.5461322069168091 0.41099756956100464 
0 0.4990242123603821 0.8761388659477234 0.5842733383178711 0.9906126260757446 
0 0.21323895454406738 0.3197156488895416 0.2899218201637268 0.4342544674873352 
