0 0.3750343918800354 0.7880585193634033 0.6601031422615051 0.9465980529785156 
0 0.8084179162979126 0.7664258480072021 0.9295883178710938 0.9506074786186218 
0 0.17938336730003357 0.4909800887107849 0.30800485610961914 0.6140590906143188 
0 0.12657949328422546 0.6103011965751648 0.1984756588935852 0.7563505172729492 
0 0.2401444911956787 0.5927144885063171 0.41168493032455444 0.7076824903488159 
0 0.4664400517940521 0.5814677476882935 0.5812916159629822 0.6843573451042175 
0 0.3455754220485687 0.4893490672111511 0.414642870426178 0.6186457872390747 
0 0.9476482272148132 0.7831178903579712 0.9999820590019226 0.8887979388237 
0 0.0 0.37822550535202026 0.0431995689868927 0.5079275369644165 
0 0.6050869822502136 0.650037944316864 0.7082799077033997 0.7792726755142212 
0 0.0 0.4997166097164154 0.04164564982056618 0.6108823418617249 
