0 0.08610792458057404 0.6533419489860535 0.19960956275463104 0.8743224143981934 
0 0.09329383075237274 0.4823910593986511 0.24773164093494415 0.6041004061698914 
0 0.565258800983429 0.863437831401825 0.8750594854354858 0.9996484518051147 
0 0.8598597645759583 0.8538219332695007 1.0 0.9994831085205078 
0 0.05390094965696335 0.2949138879776001 0.14823117852210999 0.34812232851982117 
0 0.35480254888534546 0.5691806674003601 0.5273580551147461 0.6885364651679993 
0 0.5170662999153137 0.5663651823997498 0.6436022520065308 0.6858111023902893 
0 0.19035209715366364 0.5893334150314331 0.33061957359313965 0.7158134579658508 
0 0.27817612886428833 0.5151587724685669 0.40396374464035034 0.6196251511573792 
0 0.6425583958625793 0.7158489227294922 0.7431212663650513 0.8321737051010132 
0 0.4068452715873718 0.6969302296638489 0.5063192248344421 0.7865737676620483 
0 0.4717513918876648 0.6771177649497986 0.5730845332145691 0.7876174449920654 
0 0.6455917358398438 0.5629420876502991 0.6917648315429688 0.647337794303894 
0 0.7844520807266235 0.68287593126297 0.8681640625 0.7729743123054504 
