0 0.16117237508296967 0.34181487560272217 0.24209193885326385 0.4764985144138336 
0 0.5628981590270996 0.47520285844802856 0.6328940391540527 0.5642861127853394 
0 0.6761358380317688 0.8519623875617981 0.7638992071151733 0.9693530201911926 
0 0.43333467841148376 0.26884180307388306 0.548301100730896 0.3846253752708435 
0 0.5583069920539856 0.5417758226394653 0.6873517036437988 0.7015271186828613 
0 0.3681541979312897 0.6988480687141418 0.48275065422058105 0.7989481687545776 
0 0.511398434638977 0.300807386636734 0.6175472736358643 0.4598928391933441 
0 0.8554103970527649 0.19114141166210175 0.9983131289482117 0.2996695935726166 
0 0.8134571313858032 0.3673214316368103 0.8995033502578735 0.4670403003692627 
0 0.4981985092163086 0.9071289896965027 0.5740751028060913 0.9996285438537598 
