0 0.0 0.41904395818710327 0.1559693068265915 0.5874648690223694 
0 0.7929216623306274 0.7176380157470703 0.905857264995575 0.8846648931503296 
0 0.142255499958992 0.5675960779190063 0.3042144179344177 0.6868722438812256 
0 0.368162602186203 0.6744400262832642 0.5125317573547363 0.8634309768676758 
0 0.4585035443305969 0.5761338472366333 0.5578018426895142 0.6839415431022644 
0 0.21823641657829285 0.4648963510990143 0.3713377118110657 0.5922402143478394 
0 0.3114241659641266 0.5650877952575684 0.4523903727531433 0.6727999448776245 
0 0.2693101465702057 0.26692676544189453 0.36253172159194946 0.32698383927345276 
0 0.9380470514297485 0.7364117503166199 0.9999942779541016 0.8522478938102722 
0 0.38860398530960083 0.44701212644577026 0.5036805868148804 0.5781791806221008 
