0 0.07572543621063232 0.659538745880127 0.20088255405426025 0.884750485420227 
0 0.08316837251186371 0.48254862427711487 0.23427215218544006 0.599882960319519 
0 0.36693891882896423 0.5749582052230835 0.5456324219703674 0.6860544085502625 
0 0.5241395235061646 0.5662951469421387 0.6523083448410034 0.683311939239502 
0 0.18298958241939545 0.5901959538459778 0.34631815552711487 0.7203396558761597 
0 0.8655975461006165 0.8723090291023254 1.0 0.9997597932815552 
0 0.5947051048278809 0.8641859292984009 0.8756219148635864 0.9991291165351868 
0 0.47642216086387634 0.6803344488143921 0.572641909122467 0.784018337726593 
0 0.27749937772750854 0.5024126172065735 0.40549102425575256 0.6166843175888062 
0 0.03525279834866524 0.2965233325958252 0.14041709899902344 0.3484116196632385 
0 0.6491211652755737 0.7198858261108398 0.7477362751960754 0.8442489504814148 
0 0.40809011459350586 0.6889257431030273 0.4979473054409027 0.7856552004814148 
0 0.7772743105888367 0.47651806473731995 0.8739383816719055 0.5429016351699829 
0 0.7754803895950317 0.6806920766830444 0.8659575581550598 0.7658168077468872 
0 0.640096127986908 0.564379096031189 0.6972126364707947 0.662365734577179 
