0 0.8863343000411987 0.3355256915092468 1.0 0.47764721512794495 
0 0.4532339572906494 0.8185150027275085 0.6145855188369751 1.0 
0 0.8505657315254211 0.8276206851005554 0.9460948705673218 0.9846389889717102 
0 0.7779945135116577 0.1347372829914093 0.9466762542724609 0.2594485580921173 
0 0.25826454162597656 0.8657360076904297 0.3448824882507324 0.9999725222587585 
0 0.5788345336914062 0.5746861696243286 0.6507686376571655 0.6843754649162292 
0 0.752336323261261 0.7795518636703491 0.8091269731521606 0.9226768612861633 
0 0.2200990617275238 0.6375094652175903 0.41737574338912964 0.7786394953727722 
0 0.4685591757297516 0.666721522808075 0.5692455172538757 0.7497111558914185 
0 0.425037682056427 0.3330661356449127 0.6104456782341003 0.4602324068546295 
0 0.3825596868991852 0.7177746891975403 0.46445512771606445 0.8333036303520203 
