0 0.9058054089546204 0.6565145254135132 0.9998027682304382 0.7797176241874695 
0 0.7638346552848816 0.6158860921859741 0.8593281507492065 0.7631670236587524 
0 0.2494766265153885 0.4758726954460144 0.43134069442749023 0.6544631123542786 
0 0.01625903882086277 0.27768343687057495 0.14192292094230652 0.37278780341148376 
0 0.45066285133361816 0.5156785845756531 0.5462027192115784 0.6357610821723938 
0 0.06988935172557831 0.36416277289390564 0.2698063850402832 0.49024805426597595 
0 0.027066100388765335 0.1474752128124237 0.10964234173297882 0.2267773151397705 
0 0.384747713804245 0.20983004570007324 0.4761819839477539 0.2570715844631195 
0 0.6446053385734558 0.4394086003303528 0.72724848985672 0.5263015031814575 
0 0.303499698638916 0.36963385343551636 0.47014331817626953 0.4937308430671692 
