0 0.5069328546524048 0.8464761972427368 0.5897489786148071 0.9811455011367798 
0 0.46099892258644104 0.35382765531539917 0.5536842346191406 0.5340375900268555 
0 0.6314977407455444 0.8039102554321289 0.7301475405693054 0.9397875070571899 
0 0.30574071407318115 0.3782004714012146 0.38877633213996887 0.47912341356277466 
0 0.13067229092121124 0.44651705026626587 0.1937384307384491 0.5893964171409607 
0 0.9236143827438354 0.6138506531715393 1.0 0.7543913125991821 
0 0.7034401893615723 0.4333452582359314 0.812104344367981 0.5158964395523071 
0 0.45944786071777344 0.3481397032737732 0.5253849029541016 0.440143346786499 
0 0.6145380735397339 0.3492056131362915 0.7194384336471558 0.4714837968349457 
0 0.41702818870544434 0.6334470510482788 0.57590252161026 0.7460038065910339 
