0 0.00023679733567405492 0.6048528552055359 0.17402637004852295 0.7688843011856079 
0 0.6106860041618347 0.5507804751396179 0.7890103459358215 0.6981469392776489 
0 0.5825036764144897 0.320625364780426 0.7062686681747437 0.42077547311782837 
0 0.6485992670059204 0.39897334575653076 0.776085376739502 0.5512822270393372 
0 0.47368890047073364 0.2878382205963135 0.6075977087020874 0.4191363453865051 
0 0.2719550132751465 0.45201510190963745 0.38791781663894653 0.5712512731552124 
0 0.4299176335334778 0.44225531816482544 0.5563656091690063 0.579700767993927 
0 0.2132163941860199 0.50517737865448 0.32914265990257263 0.6007555723190308 
0 0.7513973116874695 0.2839948534965515 0.8510150909423828 0.41904568672180176 
0 0.01202925480902195 0.4801691174507141 0.10531632602214813 0.5685580968856812 
0 0.11135625839233398 0.40105685591697693 0.19263143837451935 0.4940345883369446 
0 0.9416934251785278 0.4550699293613434 0.9999739527702332 0.5467122793197632 
0 0.3626941740512848 0.3225105106830597 0.4472939372062683 0.3911479115486145 
0 0.17662468552589417 0.44323912262916565 0.24022969603538513 0.5115445256233215 
0 0.1441333293914795 0.2785715162754059 0.21931414306163788 0.3423544764518738 
0 0.903049111366272 0.2890479564666748 0.9991801977157593 0.3548669219017029 
0 0.8210455179214478 0.30653995275497437 0.8906641006469727 0.4151175916194916 
0 0.23860597610473633 0.27692437171936035 0.2994280755519867 0.33827701210975647 
0 5.430877354228869e-05 0.379861056804657 0.04547915607690811 0.44710245728492737 
0 0.9787753820419312 0.39294153451919556 0.9998925924301147 0.46097999811172485 
0 0.38635244965553284 0.4497652053833008 0.4566818177700043 0.5337613821029663 
0 0.7231618762016296 0.26212239265441895 0.776385486125946 0.33158522844314575 
0 0.03530347719788551 0.35190749168395996 0.09847263991832733 0.4188860356807709 
