0 0.0 0.6186911463737488 0.3802942931652069 0.9985047578811646 
0 0.3812994360923767 0.7107154130935669 0.7288616895675659 1.0 
0 0.7080591320991516 0.4477524757385254 0.9796892404556274 0.670050323009491 
0 0.6397377252578735 0.7886051535606384 0.9033794403076172 1.0 
0 0.4347533583641052 0.25449615716934204 0.6094761490821838 0.3854845464229584 
0 0.4482518136501312 0.39640504121780396 0.6763573884963989 0.5668641328811646 
0 0.8000555038452148 0.7542638182640076 0.9996747970581055 0.974321186542511 
0 0.30179134011268616 0.2790067791938782 0.4582340717315674 0.39859992265701294 
0 0.5725067853927612 0.6247394680976868 0.7565194368362427 0.7474763989448547 
0 0.2189219892024994 0.4621010720729828 0.3774645924568176 0.6542485952377319 
0 0.11100940406322479 0.37983447313308716 0.2532607316970825 0.5901299715042114 
0 0.0002978801785502583 0.2757037281990051 0.14727096259593964 0.4135354161262512 
0 0.8662689328193665 0.15999627113342285 1.0 0.4260731637477875 
0 0.041750527918338776 0.5299487113952637 0.1668049544095993 0.6226995587348938 
0 0.00670468807220459 0.39273935556411743 0.1623852699995041 0.5119405388832092 
0 0.9025338888168335 0.6562264561653137 0.9999334216117859 0.7666193246841431 
0 6.219744682312012e-05 0.4949207901954651 0.09133683890104294 0.5820149183273315 
0 0.15332666039466858 0.5799322128295898 0.2760075032711029 0.6504758596420288 
0 0.2553651034832001 0.2112543135881424 0.31362268328666687 0.31558284163475037 
0 0.0 0.13652507960796356 0.047603506594896317 0.2794310748577118 
0 0.1431255042552948 0.2953430414199829 0.21077199280261993 0.35310694575309753 
0 0.9201810956001282 0.4403689503669739 0.9927627444267273 0.519196629524231 
0 0.8147886395454407 0.22623558342456818 0.8744252920150757 0.33835285902023315 
0 0.3756650388240814 0.6916427612304688 0.44580644369125366 0.8086174130439758 
0 0.8959146738052368 0.3263767659664154 0.9998739361763 0.43398013710975647 
