0 0.0 0.6194526553153992 0.3770514726638794 0.9979397058486938 
0 0.3829929232597351 0.729810357093811 0.7302260398864746 0.9996896982192993 
0 0.6491214632987976 0.793720543384552 0.9082047343254089 0.9999729990959167 
0 0.7130920886993408 0.4548429548740387 0.9906711578369141 0.6698904037475586 
0 0.7944563627243042 0.7525197267532349 0.9997437596321106 0.9709702730178833 
0 0.4493862986564636 0.39654961228370667 0.6783654093742371 0.5674930810928345 
0 0.22836971282958984 0.4667043685913086 0.3913303315639496 0.653049647808075 
0 0.29950347542762756 0.27908724546432495 0.4611831307411194 0.3996305465698242 
0 0.4432393014431 0.2565181851387024 0.6222008466720581 0.3881750702857971 
0 0.5759724378585815 0.6253061294555664 0.7634984254837036 0.7466936111450195 
0 0.11635210365056992 0.3845762014389038 0.26017916202545166 0.5879758596420288 
0 0.0001523971586721018 0.27591413259506226 0.14083221554756165 0.4210984706878662 
0 0.8607921600341797 0.1573597937822342 0.9998718500137329 0.395717054605484 
0 0.0001049995407811366 0.49690261483192444 0.08874914795160294 0.5869048833847046 
0 0.005779361817985773 0.39580461382865906 0.16803061962127686 0.5098943710327148 
0 0.00014296770677901804 0.13321980834007263 0.05030268430709839 0.2841586470603943 
0 0.9045902490615845 0.6569555401802063 0.9999427795410156 0.772696852684021 
0 0.15069685876369476 0.5800333023071289 0.27733010053634644 0.6513200998306274 
0 0.25320354104042053 0.21242709457874298 0.3112106919288635 0.31903108954429626 
0 0.04762551933526993 0.5291512608528137 0.1649429351091385 0.6206669807434082 
0 0.14222820103168488 0.2946047782897949 0.20969340205192566 0.3526678681373596 
0 0.9186059832572937 0.4428223669528961 0.9911426305770874 0.5239607691764832 
0 0.8188546299934387 0.23108486831188202 0.8745802640914917 0.3371262550354004 
0 0.3750994801521301 0.6977949142456055 0.4495689272880554 0.8175632357597351 
0 0.9001777768135071 0.32548123598098755 0.9994945526123047 0.42325639724731445 
0 0.022147750481963158 0.16802307963371277 0.0644422397017479 0.22965256869792938 
