0 0.05362849310040474 0.7391945123672485 0.30335575342178345 0.9282684326171875 
0 0.011436033062636852 0.4501928389072418 0.1565028876066208 0.5653923153877258 
0 0.49591121077537537 0.5819098353385925 0.6705955266952515 0.7394517064094543 
0 0.24346843361854553 0.503134548664093 0.40603557229042053 0.6169987916946411 
0 0.11193402111530304 0.5703109502792358 0.32671982049942017 0.701438844203949 
0 0.613737940788269 0.577613890171051 0.7254781723022461 0.708063006401062 
0 0.4668004512786865 0.6582751274108887 0.5951464176177979 0.7846806645393372 
0 0.6238168478012085 0.7524521946907043 0.7325692772865295 0.8868012428283691 
0 0.6985077857971191 0.7211349606513977 0.8209488987922668 0.8344465494155884 
0 0.7374194264411926 0.6410714983940125 0.8316647410392761 0.7296133041381836 
0 0.6299715042114258 0.6006171107292175 0.7242431640625 0.7091268301010132 
