0 0.8002403974533081 0.7361718416213989 0.9149943590164185 0.9112077951431274 
0 0.367496520280838 0.7238955497741699 0.5581380724906921 0.8993483781814575 
0 0.0 0.42707139253616333 0.13130447268486023 0.5943927764892578 
0 0.4543154239654541 0.5827819108963013 0.5612696409225464 0.6935752034187317 
0 0.2850525975227356 0.5783817172050476 0.4344278872013092 0.6909284591674805 
0 0.20589809119701385 0.4792788028717041 0.3482322692871094 0.6006754636764526 
0 0.1452106535434723 0.5773009061813354 0.2748565673828125 0.7056536674499512 
0 0.3999469578266144 0.4537985920906067 0.49803274869918823 0.5919491052627563 
0 0.936017632484436 0.7549259066581726 1.0 0.898590087890625 
0 0.24699392914772034 0.2704208493232727 0.3361259400844574 0.32636481523513794 
0 0.3599911332130432 0.4742930829524994 0.4036165177822113 0.5854414701461792 
0 0.9370170831680298 0.7576578855514526 0.9998687505722046 0.8569390177726746 
