0 0.8506408929824829 0.7850242853164673 0.9252382516860962 0.9353351593017578 
0 0.7433162927627563 0.7233924269676208 0.8170846700668335 0.8835479617118835 
0 0.2842620015144348 0.7806800603866577 0.3607637286186218 0.9592170715332031 
0 0.3673672378063202 0.3032045364379883 0.5539206266403198 0.45423611998558044 
0 0.39125317335128784 0.6941868662834167 0.4656924307346344 0.8485390543937683 
0 0.4449426233768463 0.6661165356636047 0.5498001575469971 0.7482776641845703 
0 0.5846074223518372 0.5704704523086548 0.6657023429870605 0.7008512616157532 
0 0.7433983087539673 0.17856042087078094 0.8434234857559204 0.2955658733844757 
0 0.44024142622947693 0.8508920669555664 0.5921424627304077 0.999864399433136 
0 0.1879468858242035 0.6683259010314941 0.35420435667037964 0.8422623872756958 
0 0.9341558218002319 0.3311294615268707 0.9970815777778625 0.4452652931213379 
0 0.8098684549331665 0.12611284852027893 0.93328458070755 0.21430663764476776 
