0 0.852913498878479 0.7634371519088745 0.9287118911743164 0.910223662853241 
0 0.5939831137657166 0.5774791240692139 0.6707144379615784 0.6975045800209045 
0 0.7301265001296997 0.18368248641490936 0.83417809009552 0.3279394507408142 
0 0.7742705345153809 0.09040321409702301 0.8676163554191589 0.18495693802833557 
0 0.7292911410331726 0.6442998051643372 0.8049909472465515 0.8337141275405884 
0 0.9354482889175415 0.3261733055114746 0.9952818155288696 0.43448305130004883 
0 0.340359628200531 0.2931098937988281 0.523704469203949 0.4396682381629944 
0 0.46833181381225586 0.8510842323303223 0.5857842564582825 0.999976634979248 
0 0.39199298620224 0.6445902585983276 0.49593663215637207 0.8239315748214722 
0 0.16073739528656006 0.73847895860672 0.3247772455215454 0.8578286170959473 
