0 0.8532766103744507 0.7751156687736511 0.925889790058136 0.9294630885124207 
0 0.5874399542808533 0.5729794502258301 0.6690806746482849 0.7044816017150879 
0 0.7427603006362915 0.1718139946460724 0.8424580693244934 0.30473238229751587 
0 0.8061405420303345 0.10907504707574844 0.8948875665664673 0.21558387577533722 
0 0.7404961585998535 0.6984540820121765 0.8045479655265808 0.8676271438598633 
0 0.3524683117866516 0.295562207698822 0.5436508059501648 0.4471336007118225 
0 0.9346645474433899 0.32799679040908813 0.995043933391571 0.4371854364871979 
0 0.44381970167160034 0.8518074154853821 0.5937708616256714 0.9998279809951782 
0 0.39192995429039 0.676738440990448 0.4705251157283783 0.8469722867012024 
0 0.29971790313720703 0.7677319645881653 0.3643980622291565 0.9284636378288269 
